time CPU MEM
1    14.0 0.7
2    9.3 0.7
3    7.0 0.7
4    5.6 0.7
5    4.6 0.7
6    4.0 0.7
7    3.5 0.7
8    3.1 0.7
9    2.8 0.7
10    2.5 0.7
11    2.3 0.7
12    2.1 0.7
13    2.0 0.7
14    1.8 0.7
15    1.7 0.7
16    1.6 0.7
17    1.5 0.7
18    1.4 0.7
19    1.4 0.7
20    1.3 0.7
21    1.2 0.7
22    1.2 0.7
23    1.1 0.7
24    1.1 0.7
25    1.0 0.7
26    1.0 0.7
27    1.0 0.7
28    0.9 0.7
29    0.9 0.7
30    0.9 0.7
31    0.8 0.7
32    0.8 0.7
33    0.8 0.7
34    0.8 0.7
35    0.7 0.7
36    0.7 0.7
37    0.7 0.7
38    0.7 0.7
39    0.7 0.7
40    0.6 0.7
41    0.6 0.7
42    0.6 0.7
43    0.6 0.7
44    0.6 0.7
45    0.6 0.7
46    0.5 0.7
47    0.5 0.7
48    0.5 0.7
49    0.5 0.7
50    0.5 0.7
51    0.5 0.7
52    0.5 0.7
53    0.5 0.7
54    0.5 0.7
55    0.5 0.7
56    0.5 0.7
57    0.5 0.7
58    0.4 0.7
59    0.4 0.7
60    0.4 0.7
