0.00043392181396484375
0.00042176246643066406
0.0005133152008056641
0.0003757476806640625
0.00022602081298828125
0.00020813941955566406
0.0001609325408935547
0.00013375282287597656
9.5367431640625e-05
0.0001354217529296875
0.00022101402282714844
0.00022363662719726562
0.00021719932556152344
0.00018405914306640625
0.00010585784912109375
0.0001685619354248047
0.00016379356384277344
0.000141143798828125
0.00023317337036132812
9.751319885253906e-05
0.00017523765563964844
0.00010347366333007812
0.00023818016052246094
0.00010561943054199219
0.0005350112915039062
0.00035572052001953125
0.0027260780334472656
0.0005393028259277344
0.0008580684661865234
0.003929615020751953
0.000782012939453125
0.002679586410522461
0.0005509853363037109
0.00029397010803222656
0.0005235671997070312
0.0014421939849853516
0.00025653839111328125
0.0001761913299560547
0.00012993812561035156
0.0002472400665283203
0.0003368854522705078
0.0008089542388916016
0.0002956390380859375
0.00030350685119628906
0.0021882057189941406
0.0003046989440917969
0.00021696090698242188
0.0003044605255126953
0.0005879402160644531
0.0005190372467041016
0.0004820823669433594
0.00025534629821777344
0.0001857280731201172
0.0002713203430175781
0.0008268356323242188
0.003331422805786133
0.000583648681640625
0.0009143352508544922
0.0012650489807128906
0.0006275177001953125
0.00020647048950195312
9.226799011230469e-05
0.00020766258239746094
9.679794311523438e-05
0.0002601146697998047
0.0001227855682373047
0.00046253204345703125
0.0005872249603271484
0.0006496906280517578
0.0005204677581787109
0.0005016326904296875
0.0005152225494384766
0.0004782676696777344
0.00229644775390625
0.00047278404235839844
0.0003571510314941406
0.0008442401885986328
0.0006780624389648438
0.0004878044128417969
0.0006010532379150391
0.0018002986907958984
0.0003082752227783203
0.00018978118896484375
0.0004668235778808594
0.00022864341735839844
0.00018072128295898438
0.00010395050048828125
0.00016069412231445312
0.0009214878082275391
0.00041294097900390625
0.0002532005310058594
0.00017404556274414062
0.00010895729064941406
0.0002617835998535156
0.00020360946655273438
0.00028252601623535156
0.0003256797790527344
0.000164031982421875
0.00015163421630859375
0.0002357959747314453
0.0002346038818359375
0.0004630088806152344
0.0002474784851074219
0.00018906593322753906
0.00011086463928222656
0.0002257823944091797
0.00020933151245117188
0.00033974647521972656
