0.0002484321594238281
0.0005605220794677734
0.0004801750183105469
0.0029745101928710938
0.00070953369140625
0.0003139972686767578
0.00039768218994140625
0.00023865699768066406
0.0007681846618652344
0.0003933906555175781
0.0029048919677734375
0.0004992485046386719
0.0004742145538330078
0.0005109310150146484
0.0005471706390380859
0.0011172294616699219
0.0004649162292480469
0.0008392333984375
0.0005011558532714844
0.003839731216430664
0.0004563331604003906
0.0004703998565673828
0.00038313865661621094
0.0006530284881591797
0.0003800392150878906
0.0005002021789550781
0.0005128383636474609
0.0007321834564208984
0.003695249557495117
0.0008885860443115234
0.0005865097045898438
0.00039458274841308594
0.0002562999725341797
0.00018405914306640625
0.0005190372467041016
0.0007367134094238281
0.0004165172576904297
0.00025463104248046875
0.00022029876708984375
0.00034737586975097656
0.0002453327178955078
0.0005185604095458984
0.00020766258239746094
