time CPU MEM
1    26.0 0.7
2    13.0 0.7
3    8.6 0.7
4    6.5 0.7
5    5.6 0.7
6    5.3 0.7
7    4.7 0.7
8    4.2 0.7
9    3.7 0.7
10    3.4 0.7
11    3.3 0.7
12    3.0 0.7
13    2.8 0.7
14    2.6 0.7
15    2.5 0.7
16    3.1 0.7
17    3.0 0.7
18    2.9 0.7
19    2.7 0.7
20    2.6 0.7
21    2.8 0.7
22    2.7 0.7
23    2.6 0.7
24    2.5 0.7
25    2.4 0.7
26    2.3 0.7
27    2.2 0.7
28    2.2 0.7
29    2.1 0.7
30    2.2 0.7
31    2.1 0.7
32    2.1 0.7
33    2.0 0.7
34    2.0 0.7
35    2.2 0.7
36    2.2 0.7
37    2.1 0.7
38    2.1 0.7
39    2.1 0.7
40    2.4 0.7
41    2.3 0.7
42    2.3 0.7
43    2.2 0.7
44    2.2 0.7
45    2.3 0.7
46    2.2 0.7
47    2.1 0.7
48    2.1 0.7
49    2.1 0.7
50    2.1 0.7
51    2.0 0.7
52    2.0 0.7
53    2.0 0.7
54    1.9 0.7
55    2.1 0.7
56    2.1 0.7
57    2.1 0.7
58    2.0 0.7
59    2.0 0.7
60    2.0 0.7
