time CPU MEM
1    9.0 0.5
2    4.5 0.5
3    3.3 0.5
4    3.0 0.5
5    2.6 0.5
6    2.1 0.5
7    1.8 0.5
8    1.7 0.5
9    1.5 0.5
10    1.4 0.5
11    1.2 0.5
12    1.2 0.5
13    1.1 0.5
14    1.0 0.5
15    1.0 0.5
16    0.9 0.5
17    0.9 0.5
18    0.8 0.5
19    0.8 0.5
20    0.8 0.5
21    0.7 0.5
22    0.7 0.5
23    0.6 0.5
24    0.7 0.5
25    0.6 0.5
26    0.6 0.5
27    0.6 0.5
28    0.6 0.5
29    0.5 0.5
30    0.5 0.5
31    0.5 0.5
32    0.5 0.5
33    0.5 0.5
34    0.5 0.5
35    0.5 0.5
36    0.5 0.5
37    0.4 0.5
38    0.4 0.5
39    0.4 0.5
40    0.4 0.5
41    0.4 0.5
42    0.4 0.5
43    0.4 0.5
44    0.4 0.5
45    0.4 0.5
46    0.4 0.5
47    0.3 0.5
48    0.3 0.5
49    0.3 0.5
50    0.3 0.5
51    0.3 0.5
52    0.3 0.5
53    0.3 0.5
54    0.3 0.5
55    0.3 0.5
56    0.3 0.5
57    0.3 0.5
58    0.3 0.5
59    0.3 0.5
60    0.3 0.5
