time CPU MEM
1    13.0 0.7
2    6.5 0.7
3    4.6 0.7
4    4.0 0.7
5    3.4 0.7
6    2.8 0.7
7    2.5 0.7
8    2.2 0.7
9    2.0 0.7
10    1.8 0.7
11    1.7 0.7
12    1.5 0.7
13    1.4 0.7
14    1.3 0.7
15    1.3 0.7
16    1.3 0.7
17    1.2 0.7
18    1.2 0.7
19    1.1 0.7
20    1.1 0.7
21    1.0 0.7
22    1.0 0.7
23    1.0 0.7
24    0.9 0.7
25    0.9 0.7
26    0.8 0.7
27    0.8 0.7
28    0.8 0.7
29    0.8 0.7
30    0.8 0.7
31    0.8 0.7
32    0.7 0.7
33    0.7 0.7
34    0.7 0.7
35    0.7 0.7
36    0.7 0.7
37    0.7 0.7
38    0.7 0.7
39    0.6 0.7
40    0.7 0.7
41    0.6 0.7
42    0.6 0.7
43    0.6 0.7
44    0.6 0.7
45    0.6 0.7
46    0.6 0.7
47    0.6 0.7
48    0.6 0.7
49    0.6 0.7
50    0.6 0.7
51    0.6 0.7
52    0.6 0.7
53    0.6 0.7
54    0.5 0.7
55    0.6 0.7
56    0.5 0.7
57    0.5 0.7
58    0.5 0.7
59    0.5 0.7
60    0.5 0.7
