time CPU MEM
1    9.0 0.4
2    4.5 0.4
3    3.3 0.4
4    2.7 0.4
5    2.4 0.4
6    2.0 0.4
7    1.7 0.4
8    1.6 0.4
9    1.4 0.4
10    1.3 0.4
11    1.1 0.4
12    1.0 0.4
13    1.0 0.4
14    0.9 0.4
15    0.8 0.4
16    0.8 0.4
17    0.7 0.4
18    0.7 0.4
19    0.6 0.4
20    0.6 0.4
21    0.6 0.4
22    0.5 0.4
23    0.5 0.4
24    0.5 0.4
25    0.5 0.4
26    0.5 0.4
27    0.5 0.4
28    0.5 0.4
29    0.4 0.4
30    0.4 0.4
31    0.4 0.4
32    0.4 0.4
33    0.4 0.4
34    0.4 0.4
35    0.4 0.4
36    0.3 0.4
37    0.3 0.4
38    0.3 0.4
39    0.3 0.4
40    0.3 0.4
41    0.3 0.4
42    0.3 0.4
43    0.3 0.4
44    0.3 0.4
45    0.3 0.4
46    0.3 0.4
47    0.3 0.4
48    0.3 0.4
49    0.3 0.4
50    0.3 0.4
51    0.3 0.4
52    0.3 0.4
53    0.3 0.4
54    0.2 0.4
55    0.2 0.4
56    0.2 0.4
57    0.2 0.4
58    0.2 0.4
59    0.2 0.4
60    0.2 0.4
