0.00010132789611816406
4.076957702636719e-05
2.8848648071289062e-05
0.00018739700317382812
0.00015091896057128906
0.00018286705017089844
0.0001423358917236328
0.00019502639770507812
0.00010442733764648438
0.00015997886657714844
8.678436279296875e-05
0.00019478797912597656
0.00031113624572753906
0.00010585784912109375
0.00020122528076171875
0.0001628398895263672
0.00022864341735839844
8.893013000488281e-05
0.0001583099365234375
0.00018858909606933594
0.00022220611572265625
0.00022149085998535156
0.0001266002655029297
0.0002071857452392578
0.00016117095947265625
9.441375732421875e-05
0.00014495849609375
0.0002002716064453125
9.72747802734375e-05
0.00011515617370605469
0.0001895427703857422
0.0001804828643798828
0.00011444091796875
0.00015544891357421875
0.0001418590545654297
0.00019311904907226562
0.0001876354217529297
0.00014781951904296875
0.000148773193359375
0.00042700767517089844
0.00023436546325683594
0.00014972686767578125
0.00013947486877441406
0.0001995563507080078
0.00013947486877441406
0.00022840499877929688
0.00017905235290527344
0.00018453598022460938
0.00012755393981933594
0.0002875328063964844
0.0001823902130126953
