0.001466512680053711
0.001199960708618164
0.010239124298095703
0.0014541149139404297
0.004431724548339844
0.0021085739135742188
0.0032389163970947266
0.0026018619537353516
0.001760244369506836
0.0015778541564941406
0.002350330352783203
0.003591775894165039
0.0020704269409179688
0.002166271209716797
0.0017094612121582031
0.0030145645141601562
0.006728172302246094
0.0017118453979492188
0.0028018951416015625
0.0020656585693359375
0.002393007278442383
0.0016481876373291016
0.003594636917114258
0.004458427429199219
0.0015411376953125
0.0014307498931884766
0.0016100406646728516
0.001749277114868164
0.0019216537475585938
0.0021524429321289062
0.0014958381652832031
0.0022666454315185547
0.0015773773193359375
0.0015757083892822266
0.0032186508178710938
0.0027425289154052734
0.0015168190002441406
0.002241373062133789
0.0024933815002441406
0.0017342567443847656
0.0016372203826904297
0.001417398452758789
0.0031156539916992188
0.0013699531555175781
0.0013511180877685547
0.0024764537811279297
0.0015230178833007812
0.0017724037170410156
0.0023398399353027344
0.002348184585571289
0.0019459724426269531
0.0020902156829833984
0.0020227432250976562
0.0025496482849121094
0.0020127296447753906
0.0014259815216064453
0.0021042823791503906
0.002425670623779297
0.0026090145111083984
0.0031936168670654297
0.0014538764953613281
0.002722501754760742
0.0020542144775390625
0.0013396739959716797
0.00302886962890625
0.0027768611907958984
0.0023086071014404297
0.0013804435729980469
0.003116607666015625
0.0016362667083740234
0.0017480850219726562
0.004539012908935547
0.002849102020263672
0.0014955997467041016
0.005225181579589844
0.0031158924102783203
0.002745389938354492
0.0038657188415527344
0.0022649765014648438
0.011748075485229492
0.0016238689422607422
0.0038094520568847656
0.0021314620971679688
0.003701448440551758
0.002111673355102539
0.0022993087768554688
0.0018715858459472656
0.0021305084228515625
0.0015769004821777344
0.0014178752899169922
0.0018787384033203125
0.003119945526123047
0.0025587081909179688
0.0014939308166503906
0.003049612045288086
0.0014498233795166016
0.002553224563598633
0.002859354019165039
0.0015211105346679688
0.0025682449340820312
0.0019083023071289062
0.001995086669921875
0.003167390823364258
0.0016007423400878906
0.002239704132080078
0.0020360946655273438
0.0019876956939697266
0.003645658493041992
0.002157926559448242
0.0019059181213378906
0.0014178752899169922
0.0020601749420166016
0.0023374557495117188
0.0014350414276123047
0.0023305416107177734
0.0013384819030761719
0.0037691593170166016
0.0031850337982177734
0.003963470458984375
0.0013272762298583984
0.001895904541015625
0.0019540786743164062
0.0023093223571777344
0.0027582645416259766
0.003175497055053711
0.002253293991088867
0.0035872459411621094
0.0024938583374023438
0.001958131790161133
0.0015919208526611328
0.002847433090209961
0.0028307437896728516
0.003126382827758789
0.0024988651275634766
0.002663850784301758
0.0030019283294677734
0.003886699676513672
0.003356456756591797
0.0023505687713623047
0.001664876937866211
0.002519369125366211
0.0016815662384033203
0.0020329952239990234
0.004628419876098633
0.00159454345703125
0.0022721290588378906
0.0015027523040771484
0.002877473831176758
0.0014595985412597656
0.001725912094116211
0.0019321441650390625
0.002132415771484375
0.0014796257019042969
0.0012710094451904297
0.0027306079864501953
