0.0003337860107421875
0.0002186298370361328
0.00017499923706054688
0.00042819976806640625
0.0005056858062744141
0.0005729198455810547
0.0007040500640869141
0.0006704330444335938
0.0008494853973388672
0.0005490779876708984
0.0005474090576171875
0.0007703304290771484
0.0007240772247314453
0.0013391971588134766
0.0007824897766113281
0.00039267539978027344
0.0008578300476074219
0.00038743019104003906
0.0006563663482666016
0.0007932186126708984
0.0003712177276611328
0.000446319580078125
0.0003209114074707031
0.0003838539123535156
0.0002951622009277344
