0.0008213520050048828
0.0006976127624511719
0.0006592273712158203
0.0008473396301269531
0.0010747909545898438
0.0026073455810546875
0.0008575916290283203
0.0008776187896728516
0.001209259033203125
0.002433300018310547
0.0028052330017089844
0.001058340072631836
0.0009095668792724609
0.0021920204162597656
0.0021567344665527344
0.0013914108276367188
0.0026166439056396484
0.0029518604278564453
0.0008919239044189453
0.0016541481018066406
0.0014982223510742188
0.0009272098541259766
0.0027403831481933594
0.0011374950408935547
0.0019044876098632812
0.0028290748596191406
0.002409219741821289
0.0014357566833496094
0.0009586811065673828
0.002935171127319336
0.003076314926147461
0.0025963783264160156
0.0014407634735107422
0.002229928970336914
0.0024957656860351562
0.002478361129760742
0.0024499893188476562
0.002114534378051758
0.00135040283203125
0.0027685165405273438
0.0019059181213378906
0.001718759536743164
0.0017228126525878906
0.002080202102661133
0.001953601837158203
0.0010998249053955078
0.0023224353790283203
0.0029723644256591797
0.001566171646118164
0.0031862258911132812
0.001645803451538086
