0.0001506805419921875
2.8848648071289062e-05
1.9073486328125e-05
2.5510787963867188e-05
4.2438507080078125e-05
8.916854858398438e-05
0.00010776519775390625
0.0005211830139160156
0.00010800361633300781
5.269050598144531e-05
0.0001575946807861328
9.560585021972656e-05
6.175041198730469e-05
5.7220458984375e-05
6.246566772460938e-05
7.700920104980469e-05
0.0006048679351806641
0.00010728836059570312
5.412101745605469e-05
5.245208740234375e-05
0.00012803077697753906
0.00029587745666503906
7.534027099609375e-05
0.0001087188720703125
0.000110626220703125
0.00012803077697753906
5.650520324707031e-05
0.00011229515075683594
7.43865966796875e-05
0.00010275840759277344
0.00013303756713867188
0.0001068115234375
0.00025463104248046875
9.250640869140625e-05
6.985664367675781e-05
0.0001251697540283203
0.00021338462829589844
0.0001201629638671875
8.7738037109375e-05
0.00011181831359863281
0.00011157989501953125
9.250640869140625e-05
5.888938903808594e-05
0.00012731552124023438
0.00011014938354492188
9.34600830078125e-05
0.00011777877807617188
0.00013017654418945312
0.00018548965454101562
0.00011754035949707031
0.00012135505676269531
6.461143493652344e-05
