0.00016641616821289062
0.0004353523254394531
0.00037217140197753906
0.002796649932861328
0.0005893707275390625
0.0002276897430419922
0.00028514862060546875
0.00017404556274414062
0.0004165172576904297
0.0002899169921875
0.0028085708618164062
0.0003662109375
0.00035071372985839844
0.0003635883331298828
0.0004220008850097656
0.0009765625
0.00034332275390625
0.0006563663482666016
0.0003724098205566406
0.003597259521484375
0.00033664703369140625
0.000347137451171875
0.0002834796905517578
0.0004889965057373047
0.0002791881561279297
0.0003705024719238281
0.0003883838653564453
0.0005984306335449219
0.0035903453826904297
0.0007150173187255859
0.0004513263702392578
0.0003018379211425781
0.00018739700317382812
0.00013327598571777344
0.00040078163146972656
0.0005140304565429688
0.0003192424774169922
0.00017762184143066406
0.00016236305236816406
0.0002617835998535156
0.00017547607421875
0.00032258033752441406
0.0001461505889892578
